0.03373328	
0.03817118	
0.04830996	
0.05841274	
0.06859052	
0.07869831	
0.08883709	
0.09893587	
0.1091327	
0.1192474	
0.1293972	
0.139546	
0.1496598	
0.1597576	
0.1699743	
0.1800421	
0.1901779	
0.2003257	
0.2104175	
0.2205883	
0.230726	
0.2408568	
0.2509756	
0.2610624	
0.2712342	
0.2813709	
0.2914897	
0.3016115	
0.3116923	
0.3219131	
0.3320099	
0.3421236	
0.3522204	
0.3624002	
0.372485	
0.3926796	
0.3968855	
0.4070122	
0.4249599	
0.4294758	
0.4392886	
0.4494353	
0.4595601	
0.4696339	
0.4798227	
0.4899785	
0.5000602	
0.510192	
0.5202828	
0.5304696	
0.5405764	
0.5507052	
0.5608309	
0.5709907	
0.5810815	
0.5912353	
0.6013181	
0.6114808	
0.6216146	
0.6316904	
0.6419272	
0.651984	
0.6621058	
0.6722415	
0.6823763	
0.6925031	
0.7026209	
0.7127557	
0.7228815	
0.7329662	
0.743189	
0.7532888	
0.7634336	
0.7735534	
0.7836681	
0.7939079	
0.8039387	
0.8140545	
0.8241763	
0.8343201	
0.8444868	
0.8545656	
0.8647234	
0.8747922	
0.884901	
0.8950337	
0.9051575	
0.9153303	
0.9254371	
0.9356129	
0.9458037	
0.9558194	
0.9659392	
0.976056	
0.9862118	
0.9962986	
1.006416	
1.016651	
1.026698	
1.036792	
1.046906	
1.057049	
1.067209	
1.077295	
1.087446	
1.097551	
1.107691	
1.117826	
1.127917	
1.13813	
1.148253	
1.158366	
1.168544	
1.178638	
1.188728	
1.19889	
1.209033	
1.219164	
1.229283	
1.239376	
1.249557	
1.259667	
1.269852	
1.279932	
1.290204	
1.300233	
1.310369	
1.320506	
1.330621	
1.34075	
1.351069	
1.361028	
1.371159	
1.381238	
1.391409	
1.401548	
1.411672	
1.421792	
1.431913	
1.442105	
1.452199	
1.462324	
1.472464	
1.482569	
1.492697	
1.502814	
1.512948	
1.523046	
1.533214	
1.543358	
1.553492	
1.563608	
1.573729	
1.583834	
1.594	
1.6041	
1.614304	
1.624416	
1.6345	
1.644918	
1.654748	
1.664903	
1.67501	
1.685123	
1.695232	
1.705397	
1.715601	
1.725719	
1.735793	
1.746018	
1.756387	
1.76621	
1.776305	
1.786598	
1.796536	
1.806694	
1.816852	
1.826932	
1.837073	
1.847181	
1.857661	
1.86772	
1.877805	
1.887964	
1.898123	
1.908217	
1.918354	
1.928521	
1.938632	
1.948744	
1.958875	
1.969013	
1.979144	
1.989284	
1.999436	
2.009548	
2.019694	
2.029789	
2.039928	
2.050091	
2.060176	
2.070318	
2.080471	
2.090579	
2.100698	
2.110855	
2.120976	
2.131068	
2.141246	
2.151361	
2.161505	
2.171664	
2.181778	
2.191903	
2.202091	
2.212161	
2.222294	
2.232415	
2.242567	
2.252684	
2.262807	
2.272968	
2.283067	
2.293235	
2.303325	
2.313618	
2.323613	
2.333737	
2.343845	
2.354198	
2.36472	
2.374503	
2.384674	
2.394735	
2.404843	
2.414993	
2.425113	
2.435229	
2.445344	
2.45548	
2.47389	
2.478106	
2.488227	
2.498441	
2.508513	
2.518623	
2.528819	
2.538916	
2.549048	
2.559168	
2.570337	
2.587274	
2.591467	
2.601564	
2.611743	
2.621834	
2.631974	
2.642159	
2.652246	
2.662373	
2.672459	
2.682898	
2.692767	
2.702894	
2.71302	
2.723349	
2.733284	
2.743479	
2.753621	
2.763726	
2.773817	
2.783975	
2.794174	
2.804227	
2.814355	
2.824489	
2.834613	
2.844727	
2.854851	
2.86498	
2.875088	
2.885218	
2.895372	
2.90547	
2.923499	
2.927663	
2.937844	
2.947947	
2.958081	
2.968224	
2.978325	
2.988508	
2.998611	
3.008773	
3.02686	
3.031022	
3.041192	
3.051318	
3.061448	
3.071675	
3.081684	
3.091956	
3.101974	
3.112102	
3.122259	
3.132319	
3.142462	
3.152627	
3.162732	
3.172847	
3.182979	
3.193194	
3.203254	
3.213353	
3.223479	
3.233654	
3.243765	
3.253886	
3.263988	
3.274172	
3.284242	
3.294418	
3.304523	
3.314635	
3.324746	
3.334843	
3.345042	
3.355121	
3.365236	
3.375343	
3.385454	
3.396157	
3.405777	
3.415884	
3.426058	
3.43613	
3.446257	
3.456381	
3.466538	
3.476619	
3.486741	
3.496913	
3.507062	
3.517153	
3.527362	
3.537455	
3.547728	
3.557824	
3.567948	
3.578194	
3.58819	
3.59832	
3.608505	
3.618634	
3.628723	
3.638824	
3.649047	
3.659142	
3.669259	
3.679397	
3.689489	
3.699738	
3.709823	
3.719957	
3.730113	
3.7402	
3.750329	
3.760451	
3.770595	
3.780704	
3.790842	
3.800991	
3.811156	
3.821239	
3.831345	
3.841486	
3.85166	
3.861737	
3.871873	
3.881961	
3.892083	
3.902247	
3.912379	
3.922552	
3.932616	
3.942745	
3.952879	
3.963015	
3.973231	
3.983315	
3.993645	
4.003654	
4.01369	
4.023847	
4.033958	
4.044082	
4.054195	
4.064333	
4.074499	
4.084583	
4.094692	
4.104822	
4.114961	
4.125055	
4.135175	
4.145317	
4.15543	
4.165609	
4.175721	
4.185813	
4.195937	
4.206043	
4.216599	
4.226398	
4.236452	
4.246552	
4.256676	
4.266829	
4.276937	
4.287101	
4.297267	
4.30735	
4.3177	
4.327853	
4.337989	
4.348054	
4.358926	
4.368848	
4.38897	
4.39319	
4.403398	
4.413631	
4.423631	
4.433694	
4.443866	
4.453996	
4.464082	
4.474321	
4.484378	
4.494487	
4.504596	
4.514848	
4.524849	
4.534963	
4.54508	
4.555214	
4.565316	
4.577555	
4.585598	
4.595839	
4.605793	
4.615969	
4.626209	
4.636128	
4.646289	
4.656407	
4.666559	
4.676659	
4.686776	
4.696934	
4.707041	
4.717207	
4.727244	
4.737455	
4.747564	
4.757703	
4.767828	
4.777987	
4.788087	
4.798253	
4.80838	
4.818525	
4.828647	
4.83877	
4.848889	
4.858985	
4.869102	
4.879225	
4.889391	
4.89952	
4.909654	
4.919768	
4.929916	
4.940067	
4.950171	
4.96032	
4.970438	
4.980583	
4.990679	
5.000838	
5.010959	
5.021049	
5.031204	
5.041327	
5.051464	
5.061585	
5.071738	
5.081881	
5.091991	
5.102128	
5.112265	
5.122439	
5.132484	
5.142604	
5.152897	
5.162945	
5.173072	
5.183208	
5.19333	
5.203463	
5.213573	
5.223702	
5.233829	
5.243981	
5.254115	
5.264209	
5.27443	
5.284503	
5.294622	
5.304717	
5.314837	
5.324966	
5.335077	
5.345266	
5.355351	
5.36546	
5.375637	
5.386218	
5.395974	
5.406013	
5.416137	
5.426303	
5.436456	
5.446511	
5.456632	
5.466761	
5.476897	
5.487006	
5.50498	
5.509166	
5.519269	
5.529462	
5.53958	
5.558864	
5.563094	
5.573509	
5.583359	
5.593463	
5.603577	
5.613699	
5.623962	
5.633963	
5.644137	
5.654335	
5.664411	
5.67457	
5.68462	
5.694901	
5.704879	
5.715001	
5.725108	
5.735214	
5.745379	
5.755498	
5.765682	
5.775755	
5.78592	
5.796085	
5.806184	
5.816314	
5.82651	
5.836549	
5.846681	
5.856833	
5.866943	
5.877108	
5.88721	
5.89732	
5.907419	
5.91756	
5.927681	
5.937859	
5.947992	
5.958103	
5.968244	
5.978442	
5.988496	
5.998629	
6.008766	
6.0269	
6.031083	
6.041238	
6.05136	
6.077831	
