0.03254029	226.255758	226.255758	227.294228	227.294228	
0.03896715	226.256149	226.255758	227.294619	227.294228	
0.04746297	226.257101	226.255758	227.295572	227.294228	
0.05757675	226.258927	226.255758	227.297397	227.294228	
0.06776752	226.261392	226.255758	227.299862	227.294228	
0.0778523	226.264438	226.255758	227.302908	227.294228	
0.08797608	226.268112	226.255758	227.306583	227.302955	
0.09814486	226.272424	226.255758	227.310895	227.302955	
0.1082906	226.277344	226.255758	227.315815	227.311682	
0.1183824	226.282847	226.255758	227.321318	227.311682	
0.1285382	226.289005	226.264484	227.327476	227.311682	
0.1488928	226.304463	226.264484	227.342934	227.311682	
0.1532357	226.307659	226.264484	227.34613	227.311682	
0.1634464	226.315992	226.273211	227.354463	227.320408	
0.1734822	226.324778	226.281938	227.363249	227.329135	
0.183663	226.334324	226.290664	227.372795	227.329135	
0.1937528	226.344387	226.299391	227.382858	227.337862	
0.2039316	226.355164	226.316844	227.393635	227.346588	
0.2140403	226.366477	226.325571	227.404948	227.346588	
0.2241341	226.378386	226.334297	227.416857	227.364042	
0.2353149	226.392372	226.351751	227.430843	227.372768	
0.2444287	226.404199	226.360477	227.44267	227.381495	
0.2546355	226.418116	226.369204	227.456587	227.398948	
0.2647372	226.43249	226.386657	227.47096	227.416402	
0.274862	226.447519	226.404111	227.48599	227.433855	
0.2850458	226.463264	226.412837	227.501735	227.460035	
0.2951686	226.479515	226.439017	227.517986	227.486215	
0.3052954	226.496396	226.45647	227.534867	227.512395	
0.3154781	226.513993	226.473924	227.552464	227.538575	
0.3255269	226.531963	226.500104	227.570433	227.564755	
0.3374987	226.554308	226.526284	227.592779	227.590934	
0.3462215	226.570949	226.552464	227.60942	227.608388	
0.3560252	226.590266	226.578643	227.628737	227.634568	
0.36614	226.61081	226.604823	227.649281	227.660748	
0.3762398	226.631946	226.631003	227.670417	227.678201	
0.3864266	226.653883	226.648457	227.692354	227.704381	
0.3965294	226.676255	226.674637	227.714726	227.721834	
0.4066401	226.699254	226.700817	227.737725	227.748014	
0.4167509	226.722866	226.71827	227.761337	227.765467	
0.4273217	226.748243	226.74445	227.786714	227.782921	
0.4381425	226.774951	226.77063	227.813422	227.800374	
0.4473723	226.798164	226.788083	227.836635	227.826554	
0.457436	226.824119	226.814263	227.86259	227.844007	
0.4675898	226.850922	226.840443	227.889393	227.86146	
0.4776326	226.878045	226.857896	227.916516	227.88764	
0.4877874	226.906103	226.884076	227.944574	227.905094	
0.4979032	226.934647	226.910256	227.973117	227.931274	
0.5080519	226.963914	226.927709	228.002385	227.957454	
0.5182257	226.993866	226.962616	228.032337	227.983634	
0.5283365	227.02425	226.980069	228.062721	228.009813	
0.5401392	227.060637	227.014976	228.099108	228.04472	
0.549016	227.088372	227.041156	228.126843	228.0709	
0.5587118	227.119261	227.067336	228.157732	228.105807	
0.5688476	227.152172	227.102242	228.190643	228.140713	
0.5789814	227.185729	227.137149	228.2242	228.17562	
0.5893442	227.220662	227.172055	228.259132	228.219253	
0.5994379	227.255293	227.206962	228.293764	228.25416	
0.6095697	227.290676	227.250595	228.329147	228.297793	
0.6275723	227.355922	227.329135	228.394393	228.376333	
0.6318622	227.371389	227.346588	228.40986	228.393786	
0.643626	227.414963	227.381495	228.453434	228.437419	
0.6522238	227.447134	227.425128	228.485605	228.481052	
0.6623956	227.485885	227.468761	228.524356	228.515959	
0.6725164	227.525051	227.521121	228.563522	228.559592	
0.6826101	227.564723	227.556028	228.603194	228.603225	
0.6928069	227.605443	227.599661	228.643914	228.646859	
0.7029147	227.646393	227.643294	228.684864	228.690492	
0.7130245	227.687973	227.686928	228.726444	228.725398	
0.7312401	227.765368	227.730561	228.803839	228.769032	
0.735577	227.783702	227.782921	228.822173	228.812665	
0.7473577	227.834659	227.826554	228.87313	228.865025	
0.7558735	227.871827	227.870187	228.910298	228.899931	
0.7660673	227.917004	227.91382	228.955475	228.943565	
0.7763421	227.963171	227.957454	229.001642	228.987198	
0.7862709	228.008365	228.009813	229.046836	229.022104	
0.7964347	228.055245	228.04472	229.093716	229.065738	
0.8065464	228.102507	228.088353	229.140978	229.109371	
0.8166852	228.150518	228.131987	229.188989	229.153004	
0.8268	228.199023	228.184346	229.237494	229.196637	
0.8373248	228.250202	228.219253	229.288673	229.240271	
0.8491295	228.308469	228.271613	229.34694	229.283904	
0.8572643	228.348902	228.315246	229.387373	229.336264	
0.8674861	228.400419	228.358879	229.438889	229.388624	
0.8775039	228.451493	228.411239	229.489964	229.440983	
0.8876567	228.503909	228.463599	229.54238	229.493343	
0.8977594	228.556652	228.515959	229.595123	229.55443	
0.9080042	228.610787	228.568319	229.649258	229.615516	
0.918031	228.664355	228.620679	229.702826	229.667876	
0.9282138	228.71939	228.673039	229.757861	229.728963	
0.9387346	228.776926	228.725398	229.815397	229.781323	
0.9499053	228.838815	228.777758	229.877286	229.842409	
0.9588321	228.888657	228.838845	229.927128	229.903496	
0.9689509	228.9458	228.899931	229.984271	229.964582	
0.9790727	229.003574	228.961018	230.042045	230.034395	
0.9891545	229.061752	229.022104	230.100223	230.086755	
0.9993032	229.120937	229.091918	230.159408	230.156568	
1.009454	229.180739	229.161731	230.21921	230.217655	
1.019601	229.241136	229.222817	230.279607	230.278742	
1.037474	229.349873	229.336264	230.388344	230.383461	
1.041773	229.375942	229.37117	230.414413	230.418368	
1.053531	229.448423	229.440983	230.486893	230.479454	
1.062106	229.501595	229.50207	230.540066	230.540541	
1.072257	229.56521	229.563157	230.603681	230.601627	
1.082397	229.629391	229.63297	230.667862	230.662714	
1.092493	229.693917	229.694056	230.732388	230.7238	
1.102667	229.759532	229.755143	230.798003	230.784887	
1.112809	229.82557	229.824956	230.864041	230.845974	
1.122969	229.892358	229.886042	230.930829	230.90706	
1.133124	229.959746	229.955856	230.998216	230.968147	
1.143412	230.028635	230.016942	231.067105	231.029233	
1.155545	230.110849	230.086755	231.14932	231.099046	
1.163725	230.166547	230.147842	231.205018	231.160133	
1.181774	230.291986	230.270015	231.330457	231.291032	
1.186176	230.3225	230.296195	231.360971	231.317212	
1.196238	230.393086	230.357281	231.431557	231.387026	
1.206409	230.46499	230.427094	231.503461	231.465565	
1.21652	230.537123	230.496908	231.575594	231.535379	
1.226678	230.610227	230.566721	231.648698	231.613918	
1.236825	230.683847	230.645261	231.722318	231.692458	
1.247319	230.760679	230.715074	231.79915	231.770998	
1.258756	230.845231	230.80234	231.883702	231.866991	
1.268983	230.9214	230.88088	231.959871	231.936804	
1.279259	230.998615	230.95942	232.037085	232.015344	
1.28916	231.073513	231.03796	232.111984	232.093884	
1.299387	231.151594	231.1165	232.190064	232.172424	
1.30945	231.228963	231.195039	232.267434	232.250964	
1.319582	231.30752	231.282306	232.345991	232.329503	
1.337543	231.449122	231.430659	232.487593	232.46913	
1.341846	231.482957	231.465565	232.521428	232.504036	
1.35201	231.563765	231.544105	232.602236	232.582576	
1.362227	231.645606	231.622645	232.684077	232.669843	
1.372377	231.727495	231.709911	232.765966	232.757109	
1.382902	231.81311	231.788451	232.851581	232.835649	
1.392998	231.895794	231.875718	232.934265	232.922915	
1.403148	231.979605	231.954258	233.018076	233.001455	
1.413314	232.064112	232.041524	233.102582	233.088722	
1.423433	232.148856	232.120064	233.187327	233.167261	
1.433553	232.234232	232.20733	233.272703	233.254528	
1.44373	232.320713	232.28587	233.359183	233.341794	
1.453809	232.406975	232.373137	233.445446	233.420334	
1.464012	232.494936	232.460403	233.533407	233.507601	
1.474128	232.582715	232.54767	233.621186	233.594867	
1.484314	232.669902	232.634936	233.708373	233.682134	
1.494397	232.755585	232.722202	233.794056	233.778127	
1.504536	232.841184	232.809469	233.879655	233.865393	
1.514697	232.926224	232.896735	233.964695	233.961386	
1.524848	233.010621	232.984002	234.049092	234.048653	
1.534961	233.094099	233.071268	234.13257	234.135919	
1.545088	233.177095	233.167261	234.215566	234.231912	
1.555192	233.259282	233.245801	234.297753	234.319179	
1.565379	233.341513	233.341794	234.379983	234.406445	
1.575556	233.423042	233.429061	234.461513	234.493712	
1.58567	233.503488	233.516327	234.541959	234.572251	
1.595844	233.583718	233.594867	234.622189	234.659518	
1.606111	233.664676	233.682134	234.703147	234.738058	
1.616089	233.741608	233.760673	234.780078	234.816598	
1.626214	233.819644	233.839213	234.858115	234.895137	
1.636331	233.897014	233.92648	234.935485	234.964951	
1.646451	233.973794	233.996293	235.012265	235.04349	
1.656542	234.049783	234.074833	235.088253	235.113304	
1.666933	234.127344	234.153372	235.165815	235.183117	
1.677128	234.20279	234.223186	235.241261	235.261657	
1.687205	234.276788	234.292999	235.315259	235.33147	
1.697289	234.350244	234.362812	235.388715	235.392556	
1.70755	234.424346	234.432625	235.462817	235.471096	
1.717593	234.496235	234.502438	235.534706	235.540909	
1.727705	234.568041	234.572251	235.606512	235.610722	
1.73784	234.639402	234.633338	235.677873	235.680536	
1.747944	234.709929	234.703151	235.7484	235.750349	
1.758086	234.780112	234.764238	235.818583	235.820162	
1.768864	234.853988	234.834051	235.892459	235.898702	
1.779056	234.923253	234.903864	235.961723	235.968515	
1.789225	234.99169	234.964951	236.030161	236.029601	
1.799323	235.059076	235.026037	236.097547	236.099415	
1.809484	235.126271	235.09585	236.164742	236.160501	
1.819681	235.193069	235.165663	236.23154	236.230314	
1.829762	235.258511	235.22675	236.296982	236.300127	
1.839861	235.323447	235.296563	236.361918	236.361214	
1.84997	235.387857	235.366376	236.426328	236.431027	
1.860282	235.45292	235.436189	236.491391	236.492114	
1.871076	235.52051	235.506003	236.558981	236.570653	
1.881253	235.583255	235.575816	236.621726	236.63174	
1.891374	235.645218	235.645629	236.683689	236.701553	
1.901487	235.706535	235.715442	236.745005	236.771366	
1.911588	235.767195	235.776529	236.805666	236.832453	
1.92176	235.827639	235.846342	236.866109	236.893539	
1.931952	235.887588	235.907428	236.926059	236.954626	
1.94198	235.945961	235.968515	236.984432	237.015712	
1.952154	236.004604	236.029601	237.043075	237.068072	
1.962291	236.062389	236.090688	237.10086	237.129159	
1.973135	236.123511	236.151774	237.161982	237.190245	
1.983242	236.179866	236.212861	237.218337	237.242605	
1.993487	236.236373	236.265221	237.274844	237.294965	
2.003682	236.291988	236.317581	237.330459	237.347325	
2.013714	236.346115	236.369941	237.384585	237.390958	
2.0239	236.400446	236.4223	237.438917	237.443318	
2.033993	236.453694	236.47466	237.492165	237.486951	
2.054538	236.558948	236.57938	237.597419	237.591671	
2.058866	236.581204	236.596833	237.619675	237.609124	
2.070961	236.642325	236.649193	237.680796	237.661484	
2.079196	236.683553	236.692827	237.722024	237.713844	
2.089316	236.73361	236.73646	237.77208	237.766204	
2.099532	236.783534	236.78882	237.822005	237.809837	
2.109596	236.832115	236.832453	237.870586	237.862197	
2.12796	236.918299	236.919719	237.956769	237.949464	
2.132322	236.93883	236.937173	237.977301	237.975644	
2.144423	236.994701	236.980806	238.033172	238.019277	
2.152535	237.031804	237.033166	238.070275	238.071637	
2.162643	237.077418	237.076799	238.115889	238.11527	
2.174345	237.129398	237.120432	238.167869	238.16763	
2.182973	237.167316	237.164065	238.205787	238.21999	
2.193074	237.211065	237.216425	238.249536	238.263623	
2.203285	237.254696	237.260059	238.293167	238.307256	
2.213348	237.297077	237.303692	238.335548	238.359616	
2.223545	237.339425	237.356052	238.377896	238.403249	
2.233655	237.380816	237.399685	238.419287	238.446882	
2.243849	237.421923	237.443318	238.460394	238.490516	
2.253938	237.46201	237.486951	238.500481	238.534149	
2.264026	237.501494	237.521858	238.539965	238.569055	
2.276215	237.548285	237.565491	238.586756	238.603962	
2.284393	237.579362	237.600398	238.617833	238.647595	
2.294482	237.617026	237.644031	238.655497	238.682502	
2.304631	237.654326	237.678938	238.692797	238.717408	
2.314729	237.690838	237.713844	238.729309	238.752315	
2.32492	237.72708	237.748751	238.765551	238.795948	
2.335028	237.762422	237.783657	238.800893	238.830855	
2.345181	237.797316	237.818564	238.835787	238.857035	
2.355303	237.831511	237.85347	238.869982	238.891941	
2.365417	237.865076	237.888377	238.903547	238.926848	
2.377324	237.903723	237.923284	238.942194	238.953028	
2.386082	237.931754	237.949464	238.970225	238.987934	
2.396064	237.963085	237.975644	239.001556	239.022841	
2.40629	237.994574	238.01055	239.033045	239.040294	
2.41626	238.024701	238.03673	239.063172	239.075201	
2.426386	238.054709	238.06291	239.09318	239.101381	
2.436522	238.084126	238.097817	239.122597	239.127561	
2.446609	238.112814	238.123996	239.151285	239.162467	
2.456788	238.14116	238.150176	239.179631	239.188647	
2.466928	238.168804	238.176356	239.207275	239.214827	
2.479322	238.201636	238.202536	239.240107	239.241007	
2.4872	238.22222	238.228716	239.260691	239.267187	
2.497348	238.248094	238.254896	239.286565	239.302094	
2.507542	238.273484	238.281076	239.311955	239.328274	
2.517579	238.297903	238.307256	239.336374	239.354454	
2.527754	238.32206	238.324709	239.360531	239.380634	
2.537836	238.345399	238.350889	239.38387	239.406813	
2.548014	238.368374	238.377069	239.406845	239.424267	
2.558188	238.390741	238.394523	239.429212	239.450447	
2.568271	238.412329	238.420702	239.4508	239.476627	
2.578793	238.434204	238.446882	239.472675	239.49408	
2.588687	238.454234	238.464336	239.492705	239.52026	
2.598656	238.473839	238.481789	239.51231	239.54644	
2.608805	238.493201	238.507969	239.531672	239.563893	
2.618918	238.51192	238.525422	239.550391	239.581346	
2.629128	238.53022	238.551602	239.56869	239.590073	
2.639201	238.547704	238.569055	239.586175	239.616253	
2.649307	238.564664	238.586509	239.603135	239.633706	
2.659449	238.581103	238.603962	239.619574	239.642433	
2.669761	238.59721	238.621415	239.635681	239.65116	
2.680204	238.612909	238.638869	239.65138	239.668613	
2.690754	238.628147	238.656322	239.666618	239.67734	
2.700433	238.641616	238.673775	239.680087	239.694793	
2.710588	238.655164	238.691229	239.693635	239.703519	
2.720672	238.668057	238.691229	239.706528	239.720973	
2.730852	238.680496	238.699955	239.718967	239.729699	
2.741029	238.692362	238.708682	239.730833	239.738426	
2.751124	238.703572	238.708682	239.742043	239.755879	
2.76129	238.714303	238.717408	239.752773	239.764606	
2.771385	238.724399	238.726135	239.76287	239.773333	
2.781579	238.734041	238.734862	239.772512	239.782059	
2.791748	238.743103	238.743588	239.781574	239.790786	
2.801908	238.751601	238.752315	239.790072	239.799513	
2.812073	238.759566	238.761042	239.798037	239.808239	
2.822106	238.766901	238.761042	239.805372	239.808239	
2.832275	238.7738	238.769768	239.812271	239.816966	
2.84246	238.780178	238.778495	239.818649	239.825693	
2.852564	238.785994	238.787222	239.824465	239.825693	
2.862703	238.791317	238.787222	239.829788	239.834419	
2.872807	238.796127	238.795948	239.834598	239.843146	
2.883058	238.800501	238.795948	239.838972	239.843146	
2.893315	238.804389	238.804675	239.84286	239.843146	
2.903446	238.807765	238.813402	239.846236	239.851872	
2.913791	238.810744	238.813402	239.849215	239.851872	
2.923773	238.813213	238.822128	239.851684	239.860599	
2.933793	238.815294	238.830855	239.853765	239.860599	
2.943926	238.817018	238.830855	239.855489	239.860599	
2.954089	238.822128	238.830855	239.860599	239.860599	
2.964259	238.822128	238.830855	239.860599	239.860599	
2.974388	238.822128	238.822128	239.860599	239.860599	
2.984466	238.822128	238.822128	239.860599	239.860599	
